185
330
355
361
617
850
1019
1021
1076
1077
1080
1084
1086
1105
1526
1535
1540
1586
1592
1808
1814
1994
1999
2113
2118
2813
2815
2845
2846
2847
2849
2884
2885
2888
2891
2914
2917
2944
2952
3024
3025
3064
3065
3117
3179
3181
3185
3204
3208
3331
3343
3352
3356
3430
3435
3588
3591
3652
3654
3695
3697
3740
3742
3753
3755
3785
3786
4334
4358
4364
4447
4477
4488
4666
4671
4677
4678
4893
4903
4910
5024
5034
5041
5080
5114
5125
5159
5193
5204
7171
7203
7248
7372
7378
7596
7597
7608
7663
7674
8209
8210
8248